1.350000000000000000e+02
1.300000000000000000e+02
1.260000000000000000e+02
1.230000000000000000e+02
2.200000000000000000e+01
1.900000000000000000e+01
1.800000000000000000e+01
1.700000000000000000e+01
1.600000000000000000e+01
1.500000000000000000e+01
1.500000000000000000e+01
1.400000000000000000e+01
1.400000000000000000e+01
1.400000000000000000e+01
1.500000000000000000e+01
1.400000000000000000e+01
1.300000000000000000e+01
1.300000000000000000e+01
1.200000000000000000e+01
1.200000000000000000e+01
1.200000000000000000e+01
1.100000000000000000e+01
1.000000000000000000e+01
1.000000000000000000e+01
1.100000000000000000e+01
1.100000000000000000e+01
1.000000000000000000e+01
1.000000000000000000e+01
1.000000000000000000e+01
1.100000000000000000e+01
9.000000000000000000e+00
1.100000000000000000e+01
1.000000000000000000e+01
9.000000000000000000e+00
9.000000000000000000e+00
1.000000000000000000e+01
9.000000000000000000e+00
1.000000000000000000e+01
8.000000000000000000e+00
1.000000000000000000e+01
1.000000000000000000e+01
9.000000000000000000e+00
1.100000000000000000e+01
9.000000000000000000e+00
8.000000000000000000e+00
8.000000000000000000e+00
8.000000000000000000e+00
9.000000000000000000e+00
9.000000000000000000e+00
8.000000000000000000e+00
9.000000000000000000e+00
8.000000000000000000e+00
1.000000000000000000e+01
9.000000000000000000e+00
7.000000000000000000e+00
7.000000000000000000e+00
8.000000000000000000e+00
8.000000000000000000e+00
7.000000000000000000e+00
1.100000000000000000e+01
1.000000000000000000e+01
1.100000000000000000e+01
9.000000000000000000e+00
1.300000000000000000e+01
1.000000000000000000e+01
1.300000000000000000e+01
8.000000000000000000e+00
9.000000000000000000e+00
1.600000000000000000e+01
2.200000000000000000e+01
1.300000000000000000e+01
2.800000000000000000e+01
1.700000000000000000e+01
1.700000000000000000e+01
1.500000000000000000e+01
3.200000000000000000e+01
1.300000000000000000e+01
1.100000000000000000e+01
1.050000000000000000e+01
1.100000000000000000e+01
1.600000000000000000e+01
2.600000000000000000e+01
3.600000000000000000e+01
2.700000000000000000e+01
3.200000000000000000e+01
3.100000000000000000e+01
2.400000000000000000e+01
2.500000000000000000e+01
1.800000000000000000e+01
1.900000000000000000e+01
1.700000000000000000e+01
2.000000000000000000e+01
2.200000000000000000e+01
2.000000000000000000e+01
2.300000000000000000e+01
2.300000000000000000e+01
2.300000000000000000e+01
2.300000000000000000e+01
2.500000000000000000e+01
1.900000000000000000e+01
1.800000000000000000e+01
1.700000000000000000e+01
2.900000000000000000e+01
2.700000000000000000e+01
2.750000000000000000e+01
2.800000000000000000e+01
2.700000000000000000e+01
2.500000000000000000e+01
2.300000000000000000e+01
2.400000000000000000e+01
2.100000000000000000e+01
1.400000000000000000e+01
2.100000000000000000e+01
1.900000000000000000e+01
2.000000000000000000e+01
1.900000000000000000e+01
1.800000000000000000e+01
1.900000000000000000e+01
1.800000000000000000e+01
1.800000000000000000e+01
1.800000000000000000e+01
1.700000000000000000e+01
1.400000000000000000e+01
1.600000000000000000e+01
1.800000000000000000e+01
1.900000000000000000e+01
2.000000000000000000e+01
1.900000000000000000e+01
1.800000000000000000e+01
1.900000000000000000e+01
1.800000000000000000e+01
2.000000000000000000e+01
1.900000000000000000e+01
1.500000000000000000e+01
1.500000000000000000e+01
1.600000000000000000e+01
1.900000000000000000e+01
2.000000000000000000e+01
2.000000000000000000e+01
1.900000000000000000e+01
1.900000000000000000e+01
1.500000000000000000e+01
1.500000000000000000e+01
1.600000000000000000e+01
1.700000000000000000e+01
1.650000000000000000e+01
1.850000000000000000e+01
1.800000000000000000e+01
2.000000000000000000e+01
2.000000000000000000e+01
2.200000000000000000e+01
2.000000000000000000e+01
2.200000000000000000e+01
2.200000000000000000e+01
1.900000000000000000e+01
2.000000000000000000e+01
2.000000000000000000e+01
2.300000000000000000e+01
1.900000000000000000e+01
2.100000000000000000e+01
2.100000000000000000e+01
2.100000000000000000e+01
2.100000000000000000e+01
2.000000000000000000e+01
1.800000000000000000e+01
1.900000000000000000e+01
1.600000000000000000e+01
1.900000000000000000e+01
1.900000000000000000e+01
1.900000000000000000e+01
1.800000000000000000e+01
1.800000000000000000e+01
1.900000000000000000e+01
1.900000000000000000e+01
1.700000000000000000e+01
1.700000000000000000e+01
1.800000000000000000e+01
1.700000000000000000e+01
1.700000000000000000e+01
1.800000000000000000e+01
1.700000000000000000e+01
1.800000000000000000e+01
1.950000000000000000e+01
2.100000000000000000e+01
1.900000000000000000e+01
2.000000000000000000e+01
1.800000000000000000e+01
1.700000000000000000e+01
2.100000000000000000e+01
1.800000000000000000e+01
2.100000000000000000e+01
2.200000000000000000e+01
2.300000000000000000e+01
2.400000000000000000e+01
2.600000000000000000e+01
2.600000000000000000e+01
2.300000000000000000e+01
2.400000000000000000e+01
2.000000000000000000e+01
2.200000000000000000e+01
2.300000000000000000e+01
2.300000000000000000e+01
2.300000000000000000e+01
2.600000000000000000e+01
2.600000000000000000e+01
2.400000000000000000e+01
2.400000000000000000e+01
2.600000000000000000e+01
2.300000000000000000e+01
2.100000000000000000e+01
2.200000000000000000e+01
2.300000000000000000e+01
2.600000000000000000e+01
2.200000000000000000e+01
2.200000000000000000e+01
2.500000000000000000e+01
2.400000000000000000e+01
3.000000000000000000e+01
2.800000000000000000e+01
3.000000000000000000e+01
2.600000000000000000e+01
2.700000000000000000e+01
3.500000000000000000e+01
2.900000000000000000e+01
2.800000000000000000e+01
3.100000000000000000e+01
3.300000000000000000e+01
2.900000000000000000e+01
3.200000000000000000e+01
2.850000000000000000e+01
2.900000000000000000e+01
3.000000000000000000e+01
2.900000000000000000e+01
2.800000000000000000e+01
2.800000000000000000e+01
3.250000000000000000e+01
3.000000000000000000e+01
3.100000000000000000e+01
3.000000000000000000e+01
3.000000000000000000e+01
3.300000000000000000e+01
3.500000000000000000e+01
3.600000000000000000e+01
3.200000000000000000e+01
3.200000000000000000e+01
2.800000000000000000e+01
4.900000000000000000e+01
3.900000000000000000e+01
3.550000000000000000e+01
3.100000000000000000e+01
3.200000000000000000e+01
3.400000000000000000e+01
4.500000000000000000e+01
3.450000000000000000e+01
4.300000000000000000e+01
4.300000000000000000e+01
3.650000000000000000e+01
4.800000000000000000e+01
5.900000000000000000e+01
5.200000000000000000e+01
5.100000000000000000e+01
6.700000000000000000e+01
7.700000000000000000e+01
8.000000000000000000e+01
8.000000000000000000e+01
9.800000000000000000e+01
1.000000000000000000e+02
1.210000000000000000e+02
1.255000000000000000e+02
1.350000000000000000e+02
1.400000000000000000e+02
1.440000000000000000e+02
1.470000000000000000e+02
1.390000000000000000e+02
1.315000000000000000e+02
1.330000000000000000e+02
1.120000000000000000e+02
1.100000000000000000e+02
1.190000000000000000e+02
9.150000000000000000e+01
8.400000000000000000e+01
9.100000000000000000e+01
9.500000000000000000e+01
8.500000000000000000e+01
8.700000000000000000e+01
8.400000000000000000e+01
7.500000000000000000e+01
8.500000000000000000e+01
8.050000000000000000e+01
9.100000000000000000e+01
8.400000000000000000e+01
1.030000000000000000e+02
1.170000000000000000e+02
1.190000000000000000e+02
1.030000000000000000e+02
1.190000000000000000e+02
1.300000000000000000e+02
1.290000000000000000e+02
1.235000000000000000e+02
1.170000000000000000e+02
1.560000000000000000e+02
1.630000000000000000e+02
1.640000000000000000e+02
2.000000000000000000e+02
1.980000000000000000e+02
2.240000000000000000e+02
2.370000000000000000e+02
2.285000000000000000e+02
2.540000000000000000e+02
2.290000000000000000e+02
2.420000000000000000e+02
2.640000000000000000e+02
3.050000000000000000e+02
2.810000000000000000e+02
2.820000000000000000e+02
2.905000000000000000e+02
3.285000000000000000e+02
3.320000000000000000e+02
3.295000000000000000e+02
3.410000000000000000e+02
3.475000000000000000e+02
3.650000000000000000e+02
3.820000000000000000e+02
3.480000000000000000e+02
4.000000000000000000e+02
4.040000000000000000e+02
3.965000000000000000e+02
4.500000000000000000e+02
4.510000000000000000e+02
4.490000000000000000e+02
4.340000000000000000e+02
4.400000000000000000e+02
4.180000000000000000e+02
4.245000000000000000e+02
4.290000000000000000e+02
4.255000000000000000e+02
4.390000000000000000e+02
4.290000000000000000e+02
4.230000000000000000e+02
4.225000000000000000e+02
4.120000000000000000e+02
3.950000000000000000e+02
3.970000000000000000e+02
3.880000000000000000e+02
3.710000000000000000e+02
3.760000000000000000e+02
3.760000000000000000e+02
3.690000000000000000e+02
3.680000000000000000e+02
3.785000000000000000e+02
3.770000000000000000e+02
3.735000000000000000e+02
3.565000000000000000e+02
3.630000000000000000e+02
3.580000000000000000e+02
3.520000000000000000e+02
3.410000000000000000e+02
3.460000000000000000e+02
3.450000000000000000e+02
3.570000000000000000e+02
3.400000000000000000e+02
3.390000000000000000e+02
3.380000000000000000e+02
3.350000000000000000e+02
3.280000000000000000e+02
3.325000000000000000e+02
3.070000000000000000e+02
3.210000000000000000e+02
3.120000000000000000e+02
3.110000000000000000e+02
3.150000000000000000e+02
3.200000000000000000e+02
3.110000000000000000e+02
3.090000000000000000e+02
3.060000000000000000e+02
3.055000000000000000e+02
3.070000000000000000e+02
2.990000000000000000e+02
3.020000000000000000e+02
2.960000000000000000e+02
3.070000000000000000e+02
3.140000000000000000e+02
3.310000000000000000e+02
3.210000000000000000e+02
3.270000000000000000e+02
3.140000000000000000e+02
3.175000000000000000e+02
3.090000000000000000e+02
2.940000000000000000e+02
2.890000000000000000e+02
2.930000000000000000e+02
2.900000000000000000e+02
2.875000000000000000e+02
2.910000000000000000e+02
2.730000000000000000e+02
2.740000000000000000e+02
2.650000000000000000e+02
2.625000000000000000e+02
2.545000000000000000e+02
2.550000000000000000e+02
2.530000000000000000e+02
2.450000000000000000e+02
2.490000000000000000e+02
2.585000000000000000e+02
2.595000000000000000e+02
2.650000000000000000e+02
2.730000000000000000e+02
2.760000000000000000e+02
2.610000000000000000e+02
2.520000000000000000e+02
2.430000000000000000e+02
2.530000000000000000e+02
2.490000000000000000e+02
2.620000000000000000e+02
2.650000000000000000e+02
2.690000000000000000e+02
2.660000000000000000e+02
2.680000000000000000e+02
2.750000000000000000e+02
2.730000000000000000e+02
2.660000000000000000e+02
2.600000000000000000e+02
2.560000000000000000e+02
2.450000000000000000e+02
2.580000000000000000e+02
2.690000000000000000e+02
2.800000000000000000e+02
2.740000000000000000e+02
2.700000000000000000e+02
2.700000000000000000e+02
2.680000000000000000e+02
2.640000000000000000e+02
2.670000000000000000e+02
2.605000000000000000e+02
2.640000000000000000e+02
2.660000000000000000e+02
2.610000000000000000e+02
2.630000000000000000e+02
2.665000000000000000e+02
2.700000000000000000e+02
2.695000000000000000e+02
2.650000000000000000e+02
2.530000000000000000e+02
2.625000000000000000e+02
2.650000000000000000e+02
2.640000000000000000e+02
2.700000000000000000e+02
2.700000000000000000e+02
2.740000000000000000e+02
2.865000000000000000e+02
2.955000000000000000e+02
2.900000000000000000e+02
2.810000000000000000e+02
2.830000000000000000e+02
2.830000000000000000e+02
2.830000000000000000e+02
2.950000000000000000e+02
2.985000000000000000e+02
3.040000000000000000e+02
3.140000000000000000e+02
3.250000000000000000e+02
3.190000000000000000e+02
3.150000000000000000e+02
3.090000000000000000e+02
3.130000000000000000e+02
3.000000000000000000e+02
2.920000000000000000e+02
3.070000000000000000e+02
3.060000000000000000e+02
3.070000000000000000e+02
3.040000000000000000e+02
3.145000000000000000e+02
3.135000000000000000e+02
3.180000000000000000e+02
3.120000000000000000e+02
3.165000000000000000e+02
3.090000000000000000e+02
2.960000000000000000e+02
2.920000000000000000e+02
3.010000000000000000e+02
3.135000000000000000e+02
3.120000000000000000e+02
3.215000000000000000e+02
3.160000000000000000e+02
3.110000000000000000e+02
3.100000000000000000e+02
3.020000000000000000e+02
3.020000000000000000e+02
2.980000000000000000e+02
2.880000000000000000e+02
2.970000000000000000e+02
3.040000000000000000e+02
3.095000000000000000e+02
3.180000000000000000e+02
3.170000000000000000e+02
3.260000000000000000e+02
3.180000000000000000e+02
3.070000000000000000e+02
3.085000000000000000e+02
2.910000000000000000e+02
2.940000000000000000e+02
3.030000000000000000e+02
3.160000000000000000e+02
3.010000000000000000e+02
3.070000000000000000e+02
3.085000000000000000e+02
3.180000000000000000e+02
3.125000000000000000e+02
3.090000000000000000e+02
2.940000000000000000e+02
2.910000000000000000e+02
2.850000000000000000e+02
2.890000000000000000e+02
2.985000000000000000e+02
2.910000000000000000e+02
3.110000000000000000e+02
3.190000000000000000e+02
3.150000000000000000e+02
3.185000000000000000e+02
3.055000000000000000e+02
3.080000000000000000e+02
2.890000000000000000e+02
2.845000000000000000e+02
2.870000000000000000e+02
2.910000000000000000e+02
3.010000000000000000e+02
3.035000000000000000e+02
3.090000000000000000e+02
3.215000000000000000e+02
3.175000000000000000e+02
3.160000000000000000e+02
3.170000000000000000e+02
3.180000000000000000e+02
3.070000000000000000e+02
3.200000000000000000e+02
3.480000000000000000e+02
3.870000000000000000e+02
4.545000000000000000e+02
5.370000000000000000e+02
6.400000000000000000e+02
6.800000000000000000e+02
7.730000000000000000e+02
8.040000000000000000e+02
8.455000000000000000e+02
8.400000000000000000e+02
8.390000000000000000e+02
8.410000000000000000e+02
8.280000000000000000e+02
8.180000000000000000e+02
7.840000000000000000e+02
7.350000000000000000e+02
6.490000000000000000e+02
6.220000000000000000e+02
5.250000000000000000e+02
4.430000000000000000e+02
3.990000000000000000e+02
3.660000000000000000e+02
3.790000000000000000e+02
3.680000000000000000e+02
3.595000000000000000e+02
3.530000000000000000e+02
3.360000000000000000e+02
3.220000000000000000e+02
3.100000000000000000e+02
2.990000000000000000e+02
3.050000000000000000e+02
2.760000000000000000e+02
2.750000000000000000e+02
2.650000000000000000e+02
2.850000000000000000e+02
2.830000000000000000e+02
2.860000000000000000e+02
2.990000000000000000e+02
2.800000000000000000e+02
2.820000000000000000e+02
2.710000000000000000e+02
2.660000000000000000e+02
2.630000000000000000e+02
2.520000000000000000e+02
2.560000000000000000e+02
2.580000000000000000e+02
2.610000000000000000e+02
2.600000000000000000e+02
2.770000000000000000e+02
2.890000000000000000e+02
2.800000000000000000e+02
2.670000000000000000e+02
2.610000000000000000e+02
2.550000000000000000e+02
2.420000000000000000e+02
2.490000000000000000e+02
2.540000000000000000e+02
2.570000000000000000e+02
2.610000000000000000e+02
2.780000000000000000e+02
2.680000000000000000e+02
2.640000000000000000e+02
2.605000000000000000e+02
2.530000000000000000e+02
2.430000000000000000e+02
2.355000000000000000e+02
2.470000000000000000e+02
2.470000000000000000e+02
2.430000000000000000e+02
2.550000000000000000e+02
2.590000000000000000e+02
2.610000000000000000e+02
2.600000000000000000e+02
2.480000000000000000e+02
2.470000000000000000e+02
2.460000000000000000e+02
2.430000000000000000e+02
2.470000000000000000e+02
2.590000000000000000e+02
2.590000000000000000e+02
2.560000000000000000e+02
2.570000000000000000e+02
2.410000000000000000e+02
2.590000000000000000e+02
2.470000000000000000e+02
2.270000000000000000e+02
2.350000000000000000e+02
2.250000000000000000e+02
2.310000000000000000e+02
2.380000000000000000e+02
2.520000000000000000e+02
2.600000000000000000e+02
2.530000000000000000e+02
2.520000000000000000e+02
2.525000000000000000e+02
2.470000000000000000e+02
2.340000000000000000e+02
2.220000000000000000e+02
2.220000000000000000e+02
2.180000000000000000e+02
2.200000000000000000e+02
2.270000000000000000e+02
2.280000000000000000e+02
2.460000000000000000e+02
2.430000000000000000e+02
2.260000000000000000e+02
2.390000000000000000e+02
2.300000000000000000e+02
2.220000000000000000e+02
2.230000000000000000e+02
2.430000000000000000e+02
2.530000000000000000e+02
2.730000000000000000e+02
2.780000000000000000e+02
2.910000000000000000e+02
3.050000000000000000e+02
3.380000000000000000e+02
3.340000000000000000e+02
3.270000000000000000e+02
3.170000000000000000e+02
3.130000000000000000e+02
3.030000000000000000e+02
2.910000000000000000e+02
3.030000000000000000e+02
2.910000000000000000e+02
2.900000000000000000e+02
2.850000000000000000e+02
2.690000000000000000e+02
2.700000000000000000e+02
2.470000000000000000e+02
2.410000000000000000e+02
2.260000000000000000e+02
2.260000000000000000e+02
2.300000000000000000e+02
2.380000000000000000e+02
2.420000000000000000e+02
2.220000000000000000e+02
2.300000000000000000e+02
2.210000000000000000e+02
2.110000000000000000e+02
2.170000000000000000e+02
2.120000000000000000e+02
2.035000000000000000e+02
2.060000000000000000e+02
2.070000000000000000e+02
2.110000000000000000e+02
2.075000000000000000e+02
2.200000000000000000e+02
2.180000000000000000e+02
2.260000000000000000e+02
2.110000000000000000e+02
2.090000000000000000e+02
2.060000000000000000e+02
2.050000000000000000e+02
1.960000000000000000e+02
2.080000000000000000e+02
2.060000000000000000e+02
2.080000000000000000e+02
2.190000000000000000e+02
2.040000000000000000e+02
2.120000000000000000e+02
2.090000000000000000e+02
2.040000000000000000e+02
1.950000000000000000e+02
1.900000000000000000e+02
1.850000000000000000e+02
1.940000000000000000e+02
2.000000000000000000e+02
2.100000000000000000e+02
2.080000000000000000e+02
1.995000000000000000e+02
1.990000000000000000e+02
2.010000000000000000e+02
1.930000000000000000e+02
1.900000000000000000e+02
1.880000000000000000e+02
1.910000000000000000e+02
1.850000000000000000e+02
1.850000000000000000e+02
2.010000000000000000e+02
1.970000000000000000e+02
1.980000000000000000e+02
1.990000000000000000e+02
1.980000000000000000e+02
1.920000000000000000e+02
1.830000000000000000e+02
1.920000000000000000e+02
1.890000000000000000e+02
1.780000000000000000e+02
1.800000000000000000e+02
1.960000000000000000e+02
1.980000000000000000e+02
2.070000000000000000e+02
2.000000000000000000e+02
1.960000000000000000e+02
2.030000000000000000e+02
2.020000000000000000e+02
1.930000000000000000e+02
1.800000000000000000e+02
1.730000000000000000e+02
1.790000000000000000e+02
1.890000000000000000e+02
1.840000000000000000e+02
1.860000000000000000e+02
1.850000000000000000e+02
1.910000000000000000e+02
1.905000000000000000e+02
1.850000000000000000e+02
1.810000000000000000e+02
1.730000000000000000e+02
1.860000000000000000e+02
1.770000000000000000e+02
1.900000000000000000e+02
2.080000000000000000e+02
1.940000000000000000e+02
2.020000000000000000e+02
2.065000000000000000e+02
2.050000000000000000e+02
2.050000000000000000e+02
2.050000000000000000e+02
1.995000000000000000e+02
2.085000000000000000e+02
2.200000000000000000e+02
2.430000000000000000e+02
2.490000000000000000e+02
2.620000000000000000e+02
2.640000000000000000e+02
2.650000000000000000e+02
2.600000000000000000e+02
2.470000000000000000e+02
2.440000000000000000e+02
2.320000000000000000e+02
2.250000000000000000e+02
2.200000000000000000e+02
2.210000000000000000e+02
2.430000000000000000e+02
2.410000000000000000e+02
2.340000000000000000e+02
2.270000000000000000e+02
2.070000000000000000e+02
2.080000000000000000e+02
1.950000000000000000e+02
1.850000000000000000e+02
1.780000000000000000e+02
1.730000000000000000e+02
1.870000000000000000e+02
1.995000000000000000e+02
2.010000000000000000e+02
2.155000000000000000e+02
2.220000000000000000e+02
2.120000000000000000e+02
1.860000000000000000e+02
1.890000000000000000e+02
1.840000000000000000e+02
1.890000000000000000e+02
1.970000000000000000e+02
1.990000000000000000e+02
1.950000000000000000e+02
2.120000000000000000e+02
2.220000000000000000e+02
2.330000000000000000e+02
2.250000000000000000e+02
2.030000000000000000e+02
2.080000000000000000e+02
1.850000000000000000e+02
1.705000000000000000e+02
1.800000000000000000e+02
1.755000000000000000e+02
1.820000000000000000e+02
1.965000000000000000e+02
1.960000000000000000e+02
1.710000000000000000e+02
1.860000000000000000e+02
1.920000000000000000e+02
1.700000000000000000e+02
1.570000000000000000e+02
1.520000000000000000e+02
1.520000000000000000e+02
1.520000000000000000e+02
1.600000000000000000e+02
1.600000000000000000e+02
1.710000000000000000e+02
1.670000000000000000e+02
1.735000000000000000e+02
1.700000000000000000e+02
1.570000000000000000e+02
1.530000000000000000e+02
1.440000000000000000e+02
1.440000000000000000e+02
1.520000000000000000e+02
1.640000000000000000e+02
1.700000000000000000e+02
1.670000000000000000e+02
1.640000000000000000e+02
1.640000000000000000e+02
1.690000000000000000e+02
1.580000000000000000e+02
1.475000000000000000e+02
1.370000000000000000e+02
1.440000000000000000e+02
1.550000000000000000e+02
1.590000000000000000e+02
1.670000000000000000e+02
1.650000000000000000e+02
1.700000000000000000e+02
1.830000000000000000e+02
1.690000000000000000e+02
1.695000000000000000e+02
1.510000000000000000e+02
1.320000000000000000e+02
1.370000000000000000e+02
1.410000000000000000e+02
1.510000000000000000e+02
1.570000000000000000e+02
1.750000000000000000e+02
1.640000000000000000e+02
1.810000000000000000e+02
1.750000000000000000e+02
1.590000000000000000e+02
1.460000000000000000e+02
1.380000000000000000e+02
1.350000000000000000e+02
1.370000000000000000e+02
1.490000000000000000e+02
1.510000000000000000e+02
1.535000000000000000e+02
1.580000000000000000e+02
1.580000000000000000e+02
1.660000000000000000e+02
1.470000000000000000e+02
1.450000000000000000e+02
1.360000000000000000e+02
1.320000000000000000e+02
1.360000000000000000e+02
1.350000000000000000e+02
1.480000000000000000e+02
1.550000000000000000e+02
1.460000000000000000e+02
1.730000000000000000e+02
1.470000000000000000e+02
1.360000000000000000e+02
1.370000000000000000e+02
1.285000000000000000e+02
1.315000000000000000e+02
1.310000000000000000e+02
1.450000000000000000e+02
1.400000000000000000e+02
1.470000000000000000e+02
1.400000000000000000e+02
1.455000000000000000e+02
1.490000000000000000e+02
1.440000000000000000e+02
1.350000000000000000e+02
1.290000000000000000e+02
1.270000000000000000e+02
1.320000000000000000e+02
1.360000000000000000e+02
1.370000000000000000e+02
1.510000000000000000e+02
1.515000000000000000e+02
1.470000000000000000e+02
1.380000000000000000e+02
1.350000000000000000e+02
1.320000000000000000e+02
1.390000000000000000e+02
1.260000000000000000e+02
1.250000000000000000e+02
1.220000000000000000e+02
1.300000000000000000e+02
1.375000000000000000e+02
1.470000000000000000e+02
1.510000000000000000e+02
1.600000000000000000e+02
1.440000000000000000e+02
1.275000000000000000e+02
1.370000000000000000e+02
1.250000000000000000e+02
1.220000000000000000e+02
1.270000000000000000e+02
1.420000000000000000e+02
1.390000000000000000e+02
1.400000000000000000e+02
1.420000000000000000e+02
1.375000000000000000e+02
1.440000000000000000e+02
1.380000000000000000e+02
1.300000000000000000e+02
1.185000000000000000e+02
1.150000000000000000e+02
1.200000000000000000e+02
1.260000000000000000e+02
1.380000000000000000e+02
1.470000000000000000e+02
1.380000000000000000e+02
1.390000000000000000e+02
1.230000000000000000e+02
1.300000000000000000e+02
1.250000000000000000e+02
1.210000000000000000e+02
1.220000000000000000e+02
1.240000000000000000e+02
1.280000000000000000e+02
1.420000000000000000e+02
1.500000000000000000e+02
1.560000000000000000e+02
1.340000000000000000e+02
1.390000000000000000e+02
1.320000000000000000e+02
1.240000000000000000e+02
1.160000000000000000e+02
1.140000000000000000e+02
1.190000000000000000e+02
1.350000000000000000e+02
1.300000000000000000e+02
1.440000000000000000e+02
1.280000000000000000e+02
1.370000000000000000e+02
1.210000000000000000e+02
1.250000000000000000e+02
1.210000000000000000e+02
1.130000000000000000e+02
1.155000000000000000e+02
1.215000000000000000e+02
1.250000000000000000e+02
1.360000000000000000e+02
1.300000000000000000e+02
1.390000000000000000e+02
1.390000000000000000e+02
1.480000000000000000e+02
1.230000000000000000e+02
1.225000000000000000e+02
1.250000000000000000e+02
1.150000000000000000e+02
1.100000000000000000e+02
1.210000000000000000e+02
1.270000000000000000e+02
1.320000000000000000e+02
1.330000000000000000e+02
1.340000000000000000e+02
1.410000000000000000e+02
1.320000000000000000e+02
1.220000000000000000e+02
1.250000000000000000e+02
1.180000000000000000e+02
1.160000000000000000e+02
1.245000000000000000e+02
1.240000000000000000e+02
1.300000000000000000e+02
1.350000000000000000e+02
1.390000000000000000e+02
1.320000000000000000e+02
1.270000000000000000e+02
1.290000000000000000e+02
1.225000000000000000e+02
1.140000000000000000e+02
1.220000000000000000e+02
1.440000000000000000e+02
1.530000000000000000e+02
1.820000000000000000e+02
2.010000000000000000e+02
2.230000000000000000e+02
2.325000000000000000e+02
2.540000000000000000e+02
2.615000000000000000e+02
2.800000000000000000e+02
2.730000000000000000e+02
2.800000000000000000e+02
2.810000000000000000e+02
2.790000000000000000e+02
2.810000000000000000e+02
2.760000000000000000e+02
2.720000000000000000e+02
2.800000000000000000e+02
2.670000000000000000e+02
2.660000000000000000e+02
2.540000000000000000e+02
2.450000000000000000e+02
2.560000000000000000e+02
2.760000000000000000e+02
2.850000000000000000e+02
2.755000000000000000e+02
2.680000000000000000e+02
2.720000000000000000e+02
2.720000000000000000e+02
2.590000000000000000e+02
2.500000000000000000e+02
2.470000000000000000e+02
2.130000000000000000e+02
2.060000000000000000e+02
2.140000000000000000e+02
1.970000000000000000e+02
1.910000000000000000e+02
1.830000000000000000e+02
1.880000000000000000e+02
1.800000000000000000e+02
1.810000000000000000e+02
1.745000000000000000e+02
1.630000000000000000e+02
1.590000000000000000e+02
1.600000000000000000e+02
1.660000000000000000e+02
1.570000000000000000e+02
1.540000000000000000e+02
1.650000000000000000e+02
1.630000000000000000e+02
1.600000000000000000e+02
1.600000000000000000e+02
1.480000000000000000e+02
1.350000000000000000e+02
1.310000000000000000e+02
1.180000000000000000e+02
1.190000000000000000e+02
1.270000000000000000e+02
1.240000000000000000e+02
1.260000000000000000e+02
1.320000000000000000e+02
1.310000000000000000e+02
1.290000000000000000e+02
1.340000000000000000e+02
1.260000000000000000e+02
1.320000000000000000e+02
1.190000000000000000e+02
1.200000000000000000e+02
1.290000000000000000e+02
1.325000000000000000e+02
1.315000000000000000e+02
1.260000000000000000e+02
1.320000000000000000e+02
1.340000000000000000e+02
1.280000000000000000e+02
1.200000000000000000e+02
1.250000000000000000e+02
1.120000000000000000e+02
1.150000000000000000e+02
1.160000000000000000e+02
1.160000000000000000e+02
1.190000000000000000e+02
1.240000000000000000e+02
1.230000000000000000e+02
1.220000000000000000e+02
1.210000000000000000e+02
1.250000000000000000e+02
1.310000000000000000e+02
1.380000000000000000e+02
1.540000000000000000e+02
1.845000000000000000e+02
2.270000000000000000e+02
2.830000000000000000e+02
4.050000000000000000e+02
5.145000000000000000e+02
8.090000000000000000e+02
1.185000000000000000e+03
1.305000000000000000e+03
1.685500000000000000e+03
2.170000000000000000e+03
2.700000000000000000e+03
2.904500000000000000e+03
2.968500000000000000e+03
2.764000000000000000e+03
2.880000000000000000e+03
2.464000000000000000e+03
2.226500000000000000e+03
1.897500000000000000e+03
1.688000000000000000e+03
1.238500000000000000e+03
1.230500000000000000e+03
1.110000000000000000e+03
9.640000000000000000e+02
9.470000000000000000e+02
7.705000000000000000e+02
6.110000000000000000e+02
4.845000000000000000e+02
3.775000000000000000e+02
3.480000000000000000e+02
3.640000000000000000e+02
3.980000000000000000e+02
3.915000000000000000e+02
4.120000000000000000e+02
4.525000000000000000e+02
4.930000000000000000e+02
5.330000000000000000e+02
5.020000000000000000e+02
4.920000000000000000e+02
5.050000000000000000e+02
4.550000000000000000e+02
4.390000000000000000e+02
4.280000000000000000e+02
4.220000000000000000e+02
3.720000000000000000e+02
3.160000000000000000e+02
2.795000000000000000e+02
2.480000000000000000e+02
2.390000000000000000e+02
2.140000000000000000e+02
1.850000000000000000e+02
1.740000000000000000e+02
1.750000000000000000e+02
1.850000000000000000e+02
1.890000000000000000e+02
1.950000000000000000e+02
1.955000000000000000e+02
2.110000000000000000e+02
2.290000000000000000e+02
2.430000000000000000e+02
2.435000000000000000e+02
2.440000000000000000e+02
2.475000000000000000e+02
2.460000000000000000e+02
2.300000000000000000e+02
2.230000000000000000e+02
2.140000000000000000e+02
1.930000000000000000e+02
1.870000000000000000e+02
1.690000000000000000e+02
1.710000000000000000e+02
1.660000000000000000e+02
1.550000000000000000e+02
1.420000000000000000e+02
1.360000000000000000e+02
1.230000000000000000e+02
1.300000000000000000e+02
1.230000000000000000e+02
1.120000000000000000e+02
1.060000000000000000e+02
1.040000000000000000e+02
1.050000000000000000e+02
1.080000000000000000e+02
1.060000000000000000e+02
1.130000000000000000e+02
1.050000000000000000e+02
1.145000000000000000e+02
1.180000000000000000e+02
1.185000000000000000e+02
1.260000000000000000e+02
1.280000000000000000e+02
1.340000000000000000e+02
1.350000000000000000e+02
1.370000000000000000e+02
1.305000000000000000e+02
1.340000000000000000e+02
1.320000000000000000e+02
1.360000000000000000e+02
1.330000000000000000e+02
1.310000000000000000e+02
1.270000000000000000e+02
1.230000000000000000e+02
1.240000000000000000e+02
1.170000000000000000e+02
1.180000000000000000e+02
1.130000000000000000e+02
1.050000000000000000e+02
1.060000000000000000e+02
1.010000000000000000e+02
1.090000000000000000e+02
9.700000000000000000e+01
9.700000000000000000e+01
1.010000000000000000e+02
9.700000000000000000e+01
9.600000000000000000e+01
1.010000000000000000e+02
1.100000000000000000e+02
1.150000000000000000e+02
1.180000000000000000e+02
1.260000000000000000e+02
1.375000000000000000e+02
1.380000000000000000e+02
1.470000000000000000e+02
1.760000000000000000e+02
2.225000000000000000e+02
2.590000000000000000e+02
2.830000000000000000e+02
3.010000000000000000e+02
3.260000000000000000e+02
3.360000000000000000e+02
3.260000000000000000e+02
3.190000000000000000e+02
3.005000000000000000e+02
3.000000000000000000e+02
2.950000000000000000e+02
2.760000000000000000e+02
2.685000000000000000e+02
2.360000000000000000e+02
2.250000000000000000e+02
1.990000000000000000e+02
1.890000000000000000e+02
1.630000000000000000e+02
1.510000000000000000e+02
1.340000000000000000e+02
1.300000000000000000e+02
1.270000000000000000e+02
1.170000000000000000e+02
1.130000000000000000e+02
1.150000000000000000e+02
1.160000000000000000e+02
1.130000000000000000e+02
1.090000000000000000e+02
1.050000000000000000e+02
1.040000000000000000e+02
1.080000000000000000e+02
9.800000000000000000e+01
1.065000000000000000e+02
9.600000000000000000e+01
9.600000000000000000e+01
1.055000000000000000e+02
1.120000000000000000e+02
1.290000000000000000e+02
1.400000000000000000e+02
1.540000000000000000e+02
1.680000000000000000e+02
1.810000000000000000e+02
1.905000000000000000e+02
2.210000000000000000e+02
2.380000000000000000e+02
2.310000000000000000e+02
2.360000000000000000e+02
2.360000000000000000e+02
2.300000000000000000e+02
2.250000000000000000e+02
2.110000000000000000e+02
2.100000000000000000e+02
2.120000000000000000e+02
1.940000000000000000e+02
1.760000000000000000e+02
1.690000000000000000e+02
1.660000000000000000e+02
1.890000000000000000e+02
1.890000000000000000e+02
2.100000000000000000e+02
2.300000000000000000e+02
2.460000000000000000e+02
3.020000000000000000e+02
3.790000000000000000e+02
5.070000000000000000e+02
7.605000000000000000e+02
8.720000000000000000e+02
1.079000000000000000e+03
1.312000000000000000e+03
1.482000000000000000e+03
1.635000000000000000e+03
1.804500000000000000e+03
2.038500000000000000e+03
2.371000000000000000e+03
2.997500000000000000e+03
2.909000000000000000e+03
2.570000000000000000e+03
2.645000000000000000e+03
2.406000000000000000e+03
2.263000000000000000e+03
2.120000000000000000e+03
1.825000000000000000e+03
1.644000000000000000e+03
1.759000000000000000e+03
1.766000000000000000e+03
1.837000000000000000e+03
1.789000000000000000e+03
1.798500000000000000e+03
1.888000000000000000e+03
2.042500000000000000e+03
2.011500000000000000e+03
1.803000000000000000e+03
1.758000000000000000e+03
1.668500000000000000e+03
1.442000000000000000e+03
1.369500000000000000e+03
1.258500000000000000e+03
1.339000000000000000e+03
1.024000000000000000e+03
7.640000000000000000e+02
7.260000000000000000e+02
6.460000000000000000e+02
5.430000000000000000e+02
4.480000000000000000e+02
3.410000000000000000e+02
2.890000000000000000e+02
2.280000000000000000e+02
1.920000000000000000e+02
1.805000000000000000e+02
1.490000000000000000e+02
1.380000000000000000e+02
1.365000000000000000e+02
1.240000000000000000e+02
1.150000000000000000e+02
1.130000000000000000e+02
1.080000000000000000e+02
1.070000000000000000e+02
1.000000000000000000e+02
1.020000000000000000e+02
9.900000000000000000e+01
9.800000000000000000e+01
9.900000000000000000e+01
9.300000000000000000e+01
9.900000000000000000e+01
9.700000000000000000e+01
1.000000000000000000e+02
9.800000000000000000e+01
9.500000000000000000e+01
9.600000000000000000e+01
9.000000000000000000e+01
9.200000000000000000e+01
8.000000000000000000e+01
8.100000000000000000e+01
8.700000000000000000e+01
9.600000000000000000e+01
9.400000000000000000e+01
8.900000000000000000e+01
8.700000000000000000e+01
9.400000000000000000e+01
8.200000000000000000e+01
8.900000000000000000e+01
9.500000000000000000e+01
7.800000000000000000e+01
7.400000000000000000e+01
8.200000000000000000e+01
8.600000000000000000e+01
8.100000000000000000e+01
8.700000000000000000e+01
8.700000000000000000e+01
8.600000000000000000e+01
8.300000000000000000e+01
8.200000000000000000e+01
9.400000000000000000e+01
8.400000000000000000e+01
7.500000000000000000e+01
7.400000000000000000e+01
8.600000000000000000e+01
8.900000000000000000e+01
9.200000000000000000e+01
8.600000000000000000e+01
8.300000000000000000e+01
8.200000000000000000e+01
8.600000000000000000e+01
9.800000000000000000e+01
9.000000000000000000e+01
8.000000000000000000e+01
8.000000000000000000e+01
8.300000000000000000e+01
7.900000000000000000e+01
8.100000000000000000e+01
8.400000000000000000e+01
7.700000000000000000e+01
7.700000000000000000e+01
7.400000000000000000e+01
7.700000000000000000e+01
8.000000000000000000e+01
7.750000000000000000e+01
7.300000000000000000e+01
7.500000000000000000e+01
8.100000000000000000e+01
7.900000000000000000e+01
8.000000000000000000e+01
7.800000000000000000e+01
7.800000000000000000e+01
7.100000000000000000e+01
7.600000000000000000e+01
8.000000000000000000e+01
7.400000000000000000e+01
7.700000000000000000e+01
7.600000000000000000e+01
7.700000000000000000e+01
7.900000000000000000e+01
8.200000000000000000e+01
8.300000000000000000e+01
7.600000000000000000e+01
7.700000000000000000e+01
8.500000000000000000e+01
8.000000000000000000e+01
7.200000000000000000e+01
7.300000000000000000e+01
7.700000000000000000e+01
7.900000000000000000e+01
7.700000000000000000e+01
8.200000000000000000e+01
7.500000000000000000e+01
7.500000000000000000e+01
7.800000000000000000e+01
7.600000000000000000e+01
8.700000000000000000e+01
7.400000000000000000e+01
6.800000000000000000e+01
7.400000000000000000e+01
8.200000000000000000e+01
8.100000000000000000e+01
8.200000000000000000e+01
8.700000000000000000e+01
7.900000000000000000e+01
8.000000000000000000e+01
8.600000000000000000e+01
9.800000000000000000e+01
8.600000000000000000e+01
7.700000000000000000e+01
8.400000000000000000e+01
8.400000000000000000e+01
8.700000000000000000e+01
8.300000000000000000e+01
8.400000000000000000e+01
8.900000000000000000e+01
8.900000000000000000e+01
9.350000000000000000e+01
1.020000000000000000e+02
9.100000000000000000e+01
8.200000000000000000e+01
8.000000000000000000e+01
8.500000000000000000e+01
8.800000000000000000e+01
8.700000000000000000e+01
9.000000000000000000e+01
8.400000000000000000e+01
8.200000000000000000e+01
7.800000000000000000e+01
9.500000000000000000e+01
8.500000000000000000e+01
8.000000000000000000e+01
7.600000000000000000e+01
7.800000000000000000e+01
8.400000000000000000e+01
8.700000000000000000e+01
8.800000000000000000e+01
8.600000000000000000e+01
8.400000000000000000e+01
9.300000000000000000e+01
1.060000000000000000e+02
1.000000000000000000e+02
9.200000000000000000e+01
9.000000000000000000e+01
9.200000000000000000e+01
8.900000000000000000e+01
9.500000000000000000e+01
8.700000000000000000e+01
8.700000000000000000e+01
8.800000000000000000e+01
8.600000000000000000e+01
1.090000000000000000e+02
8.300000000000000000e+01
7.900000000000000000e+01
7.300000000000000000e+01
7.500000000000000000e+01
7.700000000000000000e+01
7.200000000000000000e+01
7.100000000000000000e+01
7.800000000000000000e+01
7.500000000000000000e+01
7.900000000000000000e+01
9.900000000000000000e+01
8.900000000000000000e+01
8.000000000000000000e+01
7.900000000000000000e+01
8.100000000000000000e+01
8.400000000000000000e+01
9.100000000000000000e+01
9.300000000000000000e+01
9.000000000000000000e+01
9.750000000000000000e+01
9.400000000000000000e+01
1.100000000000000000e+02
1.030000000000000000e+02
1.010000000000000000e+02
9.900000000000000000e+01
1.100000000000000000e+02
1.140000000000000000e+02
1.230000000000000000e+02
1.330000000000000000e+02
1.500000000000000000e+02
1.660000000000000000e+02
1.790000000000000000e+02
2.165000000000000000e+02
2.350000000000000000e+02
2.815000000000000000e+02
3.210000000000000000e+02
3.350000000000000000e+02
3.660000000000000000e+02
3.670000000000000000e+02
3.380000000000000000e+02
3.420000000000000000e+02
3.410000000000000000e+02
3.330000000000000000e+02
3.370000000000000000e+02
3.550000000000000000e+02
3.440000000000000000e+02
3.560000000000000000e+02
3.580000000000000000e+02
3.915000000000000000e+02
3.930000000000000000e+02
4.070000000000000000e+02
4.420000000000000000e+02
4.520000000000000000e+02
4.180000000000000000e+02
4.380000000000000000e+02
4.260000000000000000e+02
4.150000000000000000e+02
3.690000000000000000e+02
3.500000000000000000e+02
2.945000000000000000e+02
3.160000000000000000e+02
2.580000000000000000e+02
2.600000000000000000e+02
2.000000000000000000e+02
1.760000000000000000e+02
1.550000000000000000e+02
1.940000000000000000e+02
1.180000000000000000e+02
9.000000000000000000e+01
8.400000000000000000e+01
8.700000000000000000e+01
8.600000000000000000e+01
8.300000000000000000e+01
7.600000000000000000e+01
7.200000000000000000e+01
7.100000000000000000e+01
7.900000000000000000e+01
9.450000000000000000e+01
7.700000000000000000e+01
6.900000000000000000e+01
6.500000000000000000e+01
6.600000000000000000e+01
6.800000000000000000e+01
7.400000000000000000e+01
7.800000000000000000e+01
7.500000000000000000e+01
7.800000000000000000e+01
7.900000000000000000e+01
9.500000000000000000e+01
9.000000000000000000e+01
7.500000000000000000e+01
8.000000000000000000e+01
8.700000000000000000e+01
8.600000000000000000e+01
8.100000000000000000e+01
8.650000000000000000e+01
8.700000000000000000e+01
8.500000000000000000e+01
8.500000000000000000e+01
1.005000000000000000e+02
8.700000000000000000e+01
7.500000000000000000e+01
6.800000000000000000e+01
6.800000000000000000e+01
6.900000000000000000e+01
6.600000000000000000e+01
6.900000000000000000e+01
7.000000000000000000e+01
6.600000000000000000e+01
6.650000000000000000e+01
7.300000000000000000e+01
7.600000000000000000e+01
6.900000000000000000e+01
7.000000000000000000e+01
8.100000000000000000e+01
8.600000000000000000e+01
1.040000000000000000e+02
1.085000000000000000e+02
1.360000000000000000e+02
1.620000000000000000e+02
1.840000000000000000e+02
2.100000000000000000e+02
2.580000000000000000e+02
2.910000000000000000e+02
3.305000000000000000e+02
3.705000000000000000e+02
3.680000000000000000e+02
3.290000000000000000e+02
3.320000000000000000e+02
3.185000000000000000e+02
3.060000000000000000e+02
2.795000000000000000e+02
2.840000000000000000e+02
2.700000000000000000e+02
2.390000000000000000e+02
2.190000000000000000e+02
1.920000000000000000e+02
1.790000000000000000e+02
1.230000000000000000e+02
1.370000000000000000e+02
1.210000000000000000e+02
1.135000000000000000e+02
1.060000000000000000e+02
1.040000000000000000e+02
9.100000000000000000e+01
8.700000000000000000e+01
6.800000000000000000e+01
6.500000000000000000e+01
6.500000000000000000e+01
6.500000000000000000e+01
6.000000000000000000e+01
6.400000000000000000e+01
6.600000000000000000e+01
6.400000000000000000e+01
6.900000000000000000e+01
6.600000000000000000e+01
6.700000000000000000e+01
6.600000000000000000e+01
5.650000000000000000e+01
5.700000000000000000e+01
6.700000000000000000e+01
7.100000000000000000e+01
7.700000000000000000e+01
8.200000000000000000e+01
9.300000000000000000e+01
1.075000000000000000e+02
1.235000000000000000e+02
1.265000000000000000e+02
1.610000000000000000e+02
1.800000000000000000e+02
1.960000000000000000e+02
2.180000000000000000e+02
2.135000000000000000e+02
2.150000000000000000e+02
2.210000000000000000e+02
2.180000000000000000e+02
2.060000000000000000e+02
1.920000000000000000e+02
2.060000000000000000e+02
1.860000000000000000e+02
1.780000000000000000e+02
1.720000000000000000e+02
1.710000000000000000e+02
1.570000000000000000e+02
1.510000000000000000e+02
1.480000000000000000e+02
1.440000000000000000e+02
1.360000000000000000e+02
1.390000000000000000e+02
1.220000000000000000e+02
1.070000000000000000e+02
9.250000000000000000e+01
9.100000000000000000e+01
8.400000000000000000e+01
7.900000000000000000e+01
7.600000000000000000e+01
7.300000000000000000e+01
7.900000000000000000e+01
8.100000000000000000e+01
9.300000000000000000e+01
7.200000000000000000e+01
6.900000000000000000e+01
5.300000000000000000e+01
5.900000000000000000e+01
5.700000000000000000e+01
5.600000000000000000e+01
5.800000000000000000e+01
5.200000000000000000e+01
5.600000000000000000e+01
6.400000000000000000e+01
6.950000000000000000e+01
6.200000000000000000e+01
6.000000000000000000e+01
5.600000000000000000e+01
5.200000000000000000e+01
5.600000000000000000e+01
5.800000000000000000e+01
5.200000000000000000e+01
4.800000000000000000e+01
4.900000000000000000e+01
5.600000000000000000e+01
6.100000000000000000e+01
6.600000000000000000e+01
5.400000000000000000e+01
5.300000000000000000e+01
5.300000000000000000e+01
5.200000000000000000e+01
5.600000000000000000e+01
5.800000000000000000e+01
5.600000000000000000e+01
6.300000000000000000e+01
5.950000000000000000e+01
6.700000000000000000e+01
6.150000000000000000e+01
5.800000000000000000e+01
6.100000000000000000e+01
6.000000000000000000e+01
6.600000000000000000e+01
6.200000000000000000e+01
6.500000000000000000e+01
7.100000000000000000e+01
7.200000000000000000e+01
7.900000000000000000e+01
8.100000000000000000e+01
9.100000000000000000e+01
9.100000000000000000e+01
9.100000000000000000e+01
8.500000000000000000e+01
8.600000000000000000e+01
9.000000000000000000e+01
9.200000000000000000e+01
8.800000000000000000e+01
9.050000000000000000e+01
9.000000000000000000e+01
9.350000000000000000e+01
9.000000000000000000e+01
8.800000000000000000e+01
7.850000000000000000e+01
7.000000000000000000e+01
6.800000000000000000e+01
6.500000000000000000e+01
7.000000000000000000e+01
7.100000000000000000e+01
7.000000000000000000e+01
7.600000000000000000e+01
7.300000000000000000e+01
8.650000000000000000e+01
8.700000000000000000e+01
8.800000000000000000e+01
8.700000000000000000e+01
9.200000000000000000e+01
9.500000000000000000e+01
9.900000000000000000e+01
9.700000000000000000e+01
1.040000000000000000e+02
1.090000000000000000e+02
1.155000000000000000e+02
1.220000000000000000e+02
1.240000000000000000e+02
1.360000000000000000e+02
1.490000000000000000e+02
1.570000000000000000e+02
1.570000000000000000e+02
1.750000000000000000e+02
1.850000000000000000e+02
2.155000000000000000e+02
2.335000000000000000e+02
2.660000000000000000e+02
3.075000000000000000e+02
2.880000000000000000e+02
2.890000000000000000e+02
2.805000000000000000e+02
2.690000000000000000e+02
2.500000000000000000e+02
2.260000000000000000e+02
2.130000000000000000e+02
1.900000000000000000e+02
1.910000000000000000e+02
1.810000000000000000e+02
1.540000000000000000e+02
1.315000000000000000e+02
1.190000000000000000e+02
1.180000000000000000e+02
9.400000000000000000e+01
8.150000000000000000e+01
7.400000000000000000e+01
7.800000000000000000e+01
6.900000000000000000e+01
7.100000000000000000e+01
6.200000000000000000e+01
6.350000000000000000e+01
5.850000000000000000e+01
5.000000000000000000e+01
4.600000000000000000e+01
4.800000000000000000e+01
4.400000000000000000e+01
5.000000000000000000e+01
3.800000000000000000e+01
4.200000000000000000e+01
4.400000000000000000e+01
4.900000000000000000e+01
5.300000000000000000e+01
4.400000000000000000e+01
4.700000000000000000e+01
3.600000000000000000e+01
3.000000000000000000e+01
3.500000000000000000e+01
3.600000000000000000e+01
3.500000000000000000e+01
4.000000000000000000e+01
3.700000000000000000e+01
3.600000000000000000e+01
4.000000000000000000e+01
3.700000000000000000e+01
3.900000000000000000e+01
3.800000000000000000e+01
3.500000000000000000e+01
2.900000000000000000e+01
3.000000000000000000e+01
3.600000000000000000e+01
3.600000000000000000e+01
3.200000000000000000e+01
3.600000000000000000e+01
3.800000000000000000e+01
3.100000000000000000e+01
3.900000000000000000e+01
4.400000000000000000e+01
3.900000000000000000e+01
3.900000000000000000e+01
4.700000000000000000e+01
4.900000000000000000e+01
5.200000000000000000e+01
5.700000000000000000e+01
6.000000000000000000e+01
6.400000000000000000e+01
6.600000000000000000e+01
6.300000000000000000e+01
6.100000000000000000e+01
5.700000000000000000e+01
5.600000000000000000e+01
5.400000000000000000e+01
5.200000000000000000e+01
5.450000000000000000e+01
5.400000000000000000e+01
4.800000000000000000e+01
5.100000000000000000e+01
4.700000000000000000e+01
4.000000000000000000e+01
4.200000000000000000e+01
4.000000000000000000e+01
2.900000000000000000e+01
2.900000000000000000e+01
2.600000000000000000e+01
3.200000000000000000e+01
3.100000000000000000e+01
3.100000000000000000e+01
3.250000000000000000e+01
3.100000000000000000e+01
2.400000000000000000e+01
2.000000000000000000e+01
2.200000000000000000e+01
2.300000000000000000e+01
2.000000000000000000e+01
1.950000000000000000e+01
1.900000000000000000e+01
2.000000000000000000e+01
2.100000000000000000e+01
2.200000000000000000e+01
2.100000000000000000e+01
2.000000000000000000e+01
1.800000000000000000e+01
1.600000000000000000e+01
1.800000000000000000e+01
2.000000000000000000e+01
1.900000000000000000e+01
1.900000000000000000e+01
1.800000000000000000e+01
1.900000000000000000e+01
1.800000000000000000e+01
1.900000000000000000e+01
2.000000000000000000e+01
1.600000000000000000e+01
2.000000000000000000e+01
1.700000000000000000e+01
1.300000000000000000e+01
1.200000000000000000e+01
1.300000000000000000e+01
1.300000000000000000e+01
1.200000000000000000e+01
1.100000000000000000e+01
1.500000000000000000e+01
9.000000000000000000e+00
1.000000000000000000e+01
9.000000000000000000e+00
7.000000000000000000e+00
1.000000000000000000e+01
1.000000000000000000e+01
1.000000000000000000e+01
1.100000000000000000e+01
1.000000000000000000e+01
1.000000000000000000e+01
1.000000000000000000e+01
7.000000000000000000e+00
9.000000000000000000e+00
5.000000000000000000e+00
6.000000000000000000e+00
6.000000000000000000e+00
5.000000000000000000e+00
5.000000000000000000e+00
4.000000000000000000e+00
4.000000000000000000e+00
3.000000000000000000e+00
4.000000000000000000e+00
3.000000000000000000e+00
4.000000000000000000e+00
4.000000000000000000e+00
4.000000000000000000e+00
4.000000000000000000e+00
4.000000000000000000e+00
4.000000000000000000e+00
3.000000000000000000e+00
3.000000000000000000e+00
3.000000000000000000e+00
2.000000000000000000e+00
1.000000000000000000e+00
2.000000000000000000e+00
2.000000000000000000e+00
2.000000000000000000e+00
2.000000000000000000e+00
1.000000000000000000e+00
-1.000000000000000000e+00
1.000000000000000000e+00
-1.000000000000000000e+00
-1.000000000000000000e+00
-1.000000000000000000e+00
1.000000000000000000e+00
1.000000000000000000e+00
1.000000000000000000e+00
1.000000000000000000e+00
-1.000000000000000000e+00
-1.000000000000000000e+00
-1.000000000000000000e+00
-1.000000000000000000e+00
1.000000000000000000e+00
1.000000000000000000e+00
1.000000000000000000e+00
1.000000000000000000e+00
1.000000000000000000e+00
-1.000000000000000000e+00
-1.000000000000000000e+00
-1.000000000000000000e+00
1.000000000000000000e+00
-1.000000000000000000e+00
-1.000000000000000000e+00
-1.000000000000000000e+00
1.000000000000000000e+00
1.000000000000000000e+00
-1.000000000000000000e+00
1.000000000000000000e+00
1.000000000000000000e+00
1.000000000000000000e+00
1.000000000000000000e+00
1.000000000000000000e+00
1.000000000000000000e+00
-1.000000000000000000e+00
-1.000000000000000000e+00
-1.000000000000000000e+00
-1.000000000000000000e+00
-1.000000000000000000e+00
-1.000000000000000000e+00
-1.000000000000000000e+00
1.000000000000000000e+00
1.000000000000000000e+00
1.000000000000000000e+00
1.000000000000000000e+00
1.000000000000000000e+00
1.000000000000000000e+00
-1.000000000000000000e+00
1.000000000000000000e+00
-1.000000000000000000e+00
1.000000000000000000e+00
1.000000000000000000e+00
1.000000000000000000e+00
1.000000000000000000e+00
1.000000000000000000e+00
1.000000000000000000e+00
-1.000000000000000000e+00
1.000000000000000000e+00
-1.000000000000000000e+00
-1.000000000000000000e+00
-1.000000000000000000e+00
1.000000000000000000e+00
1.000000000000000000e+00
1.000000000000000000e+00
-1.000000000000000000e+00
-1.000000000000000000e+00
-1.000000000000000000e+00
-1.000000000000000000e+00
-1.000000000000000000e+00
1.000000000000000000e+00
1.000000000000000000e+00
-1.000000000000000000e+00
-1.000000000000000000e+00
-1.000000000000000000e+00
1.000000000000000000e+00
1.000000000000000000e+00
1.000000000000000000e+00
-1.000000000000000000e+00
1.000000000000000000e+00
1.000000000000000000e+00
1.000000000000000000e+00
1.000000000000000000e+00
1.000000000000000000e+00
2.000000000000000000e+00
1.000000000000000000e+00
2.000000000000000000e+00
1.000000000000000000e+00
1.000000000000000000e+00
1.000000000000000000e+00
2.000000000000000000e+00
2.000000000000000000e+00
2.000000000000000000e+00
2.000000000000000000e+00
1.000000000000000000e+00
1.000000000000000000e+00
1.000000000000000000e+00
1.000000000000000000e+00
1.000000000000000000e+00
1.000000000000000000e+00
-1.000000000000000000e+00
-1.000000000000000000e+00
-1.000000000000000000e+00
-1.000000000000000000e+00
1.000000000000000000e+00
1.000000000000000000e+00
1.000000000000000000e+00
1.000000000000000000e+00
-1.000000000000000000e+00
-1.000000000000000000e+00
-1.000000000000000000e+00
-1.000000000000000000e+00
-1.000000000000000000e+00
-1.000000000000000000e+00
-1.000000000000000000e+00
-1.000000000000000000e+00
-1.000000000000000000e+00
-1.000000000000000000e+00
-1.000000000000000000e+00
-2.000000000000000000e+00
-2.000000000000000000e+00
-2.000000000000000000e+00
-2.000000000000000000e+00
-2.000000000000000000e+00
-2.000000000000000000e+00
-2.000000000000000000e+00
-2.000000000000000000e+00
-2.000000000000000000e+00
-2.000000000000000000e+00
-2.000000000000000000e+00
-2.000000000000000000e+00
-1.000000000000000000e+00
